\begin{table}
\caption{Correlation Matrix - Feature Correlations}
\label{tab:corr_matrix}
\begin{tabular}{lrrrrrrrrrrrr}
\toprule
 & age & sex & chest pain type & resting bp s & cholesterol & fasting blood sugar & resting ecg & max heart rate & exercise angina & oldpeak & ST slope & target \\
\midrule
age & 1.000000 & 0.016000 & 0.147000 & 0.270000 & 0.096000 & 0.180000 & 0.196000 & -0.368000 & 0.188000 & 0.251000 & 0.238000 & 0.262000 \\
sex & 0.016000 & 1.000000 & 0.138000 & -0.001000 & -0.137000 & 0.111000 & -0.022000 & -0.183000 & 0.194000 & 0.110000 & 0.128000 & 0.311000 \\
chest pain type & 0.147000 & 0.138000 & 1.000000 & 0.008000 & 0.075000 & 0.076000 & 0.036000 & -0.337000 & 0.403000 & 0.232000 & 0.277000 & 0.460000 \\
resting bp s & 0.270000 & -0.001000 & 0.008000 & 1.000000 & 0.118000 & 0.085000 & 0.092000 & -0.102000 & 0.143000 & 0.172000 & 0.093000 & 0.125000 \\
cholesterol & 0.096000 & -0.137000 & 0.075000 & 0.118000 & 1.000000 & 0.025000 & 0.108000 & 0.002000 & 0.084000 & 0.066000 & 0.044000 & 0.092000 \\
fasting blood sugar & 0.180000 & 0.111000 & 0.076000 & 0.085000 & 0.025000 & 1.000000 & 0.032000 & -0.118000 & 0.053000 & 0.050000 & 0.146000 & 0.217000 \\
resting ecg & 0.196000 & -0.022000 & 0.036000 & 0.092000 & 0.108000 & 0.032000 & 1.000000 & 0.056000 & 0.038000 & 0.126000 & 0.094000 & 0.073000 \\
max heart rate & -0.368000 & -0.183000 & -0.337000 & -0.102000 & 0.002000 & -0.118000 & 0.056000 & 1.000000 & -0.382000 & -0.199000 & -0.353000 & -0.415000 \\
exercise angina & 0.188000 & 0.194000 & 0.403000 & 0.143000 & 0.084000 & 0.053000 & 0.038000 & -0.382000 & 1.000000 & 0.383000 & 0.393000 & 0.481000 \\
oldpeak & 0.251000 & 0.110000 & 0.232000 & 0.172000 & 0.066000 & 0.050000 & 0.126000 & -0.199000 & 0.383000 & 1.000000 & 0.537000 & 0.416000 \\
ST slope & 0.238000 & 0.128000 & 0.277000 & 0.093000 & 0.044000 & 0.146000 & 0.094000 & -0.353000 & 0.393000 & 0.537000 & 1.000000 & 0.506000 \\
target & 0.262000 & 0.311000 & 0.460000 & 0.125000 & 0.092000 & 0.217000 & 0.073000 & -0.415000 & 0.481000 & 0.416000 & 0.506000 & 1.000000 \\
\bottomrule
\end{tabular}
\end{table}
